#page reference generator
#inst=1000 pages=64 %read=75.000000 lambda=4.500000
1 7
1 22
1 3
0 20
0 11
0 13
0 10
1 33
0 17
0 13
0 3
0 22
0 7
0 1
1 3
0 25
0 4
0 10
0 46
0 20
0 20
0 30
0 6
1 34
0 39
0 1
0 15
1 6
0 0
0 0
0 45
1 26
0 10
0 19
0 15
0 0
0 36
1 17
0 18
0 6
0 2
0 29
1 5
0 30
0 16
1 12
0 26
0 34
0 23
0 32
0 3
1 34
0 29
0 7
0 4
1 5
0 3
0 4
0 7
0 32
0 1
0 19
1 36
0 6
0 6
0 3
0 3
0 18
0 21
0 18
0 39
0 10
0 3
1 18
0 44
0 19
0 2
0 1
0 3
0 23
0 19
0 2
1 3
1 1
1 0
1 1
0 34
0 2
0 6
1 23
0 11
0 8
0 1
0 19
0 56
0 28
0 13
0 19
1 35
1 24
1 18
1 51
0 9
0 24
1 1
0 4
0 3
0 5
0 3
0 13
0 14
0 46
0 11
0 1
0 12
1 8
0 25
0 0
0 12
1 3
0 9
0 5
0 2
0 0
0 16
0 14
0 2
0 13
0 5
0 3
1 16
0 4
0 1
0 28
0 1
0 6
0 12
0 4
1 4
0 2
1 0
1 5
0 8
1 34
1 16
0 16
0 20
1 33
1 3
1 11
0 32
1 28
0 11
0 4
1 9
0 26
0 4
0 16
0 2
0 9
1 17
0 3
0 1
0 6
0 36
1 13
1 23
0 5
0 14
0 4
0 1
0 14
0 4
0 1
0 36
0 4
0 19
0 2
1 13
0 3
0 7
1 7
0 5
0 14
1 5
1 2
0 0
1 20
0 1
1 17
0 8
1 17
0 8
1 1
0 6
0 14
1 1
0 0
0 21
0 8
0 12
0 10
0 6
0 30
0 2
0 10
0 12
0 24
0 1
1 2
0 3
1 4
0 28
0 23
0 0
0 20
0 24
0 3
0 13
0 15
1 17
0 7
0 7
0 6
0 2
0 0
0 6
0 18
0 14
0 34
0 22
0 5
0 0
0 25
0 14
0 7
0 17
1 15
0 0
0 16
0 13
0 11
0 0
0 4
0 26
0 5
0 28
0 5
1 2
0 9
1 15
1 2
0 17
1 11
0 36
0 35
0 36
0 11
1 22
1 12
0 59
1 5
1 12
0 19
1 21
0 12
0 2
1 27
1 15
0 13
0 14
0 2
0 0
0 10
1 10
0 9
0 0
1 6
0 8
0 7
0 7
0 17
0 23
0 8
0 58
0 1
0 12
0 3
0 34
0 8
0 26
1 39
1 20
0 10
0 9
1 8
1 44
0 8
1 20
1 4
1 43
0 7
0 11
0 2
0 6
0 33
0 13
1 1
0 3
0 12
0 12
0 11
0 3
0 5
0 34
0 20
1 36
0 8
0 21
0 44
0 4
1 6
1 19
0 4
1 1
1 13
0 34
0 4
0 3
0 2
0 3
1 0
0 1
0 14
1 1
0 1
0 9
0 4
0 33
0 2
0 7
1 19
0 61
0 10
0 15
0 5
1 14
0 0
1 22
0 15
1 5
1 4
1 2
0 0
0 2
0 2
0 0
1 38
0 35
0 4
0 2
0 9
1 35
0 12
0 3
0 14
0 0
1 5
0 10
0 5
0 14
0 4
0 5
0 19
0 16
0 25
1 12
0 15
0 25
0 4
0 10
1 13
0 23
1 18
0 6
0 0
0 9
0 17
1 9
0 1
0 9
1 0
0 3
0 13
0 42
1 2
0 19
1 0
0 18
0 34
0 21
1 1
0 3
1 1
0 4
0 37
1 1
1 25
0 16
0 7
0 5
0 1
0 6
0 15
0 29
0 3
0 10
0 38
1 1
0 10
0 3
0 2
0 7
0 14
0 8
0 21
1 16
1 27
0 0
0 2
1 1
0 12
0 16
0 7
1 12
1 3
1 6
0 1
1 6
0 36
1 24
0 14
0 13
0 12
0 0
1 12
0 2
0 20
1 18
0 15
0 1
1 1
0 4
0 4
0 39
0 9
1 37
0 4
0 14
1 3
0 13
1 23
1 0
0 13
1 20
0 1
1 2
0 6
0 6
0 1
0 27
0 1
1 19
0 6
0 4
0 0
1 7
1 15
0 8
0 3
0 12
0 1
0 9
0 3
1 2
0 2
0 31
0 22
0 16
0 0
1 20
0 27
0 58
0 15
0 24
1 17
0 3
1 2
0 5
0 10
0 14
0 8
0 0
0 2
0 8
0 14
0 6
0 7
0 0
0 22
1 52
0 4
0 6
0 26
0 21
0 2
0 1
0 44
0 27
0 22
0 7
0 10
0 45
1 1
0 0
1 31
0 7
0 3
1 13
0 8
0 8
0 24
0 3
1 15
0 43
0 6
0 36
1 1
1 28
0 34
1 1
1 44
0 0
0 4
0 4
0 0
0 6
1 4
0 15
1 13
0 7
0 59
0 35
0 4
1 4
0 18
0 0
0 30
0 29
0 14
0 35
0 28
0 11
0 24
0 1
0 27
0 8
1 32
0 41
0 2
0 6
1 13
0 13
0 6
0 16
0 14
0 16
0 30
0 15
0 8
1 2
0 5
0 2
0 0
0 7
0 6
1 1
0 2
0 10
0 3
0 10
1 25
0 7
0 9
0 8
1 29
0 4
0 4
0 8
0 12
1 10
1 14
0 51
1 6
0 5
0 18
1 10
0 1
1 5
0 0
1 10
1 7
1 2
0 3
0 0
1 8
0 21
0 2
1 35
0 4
0 3
0 1
0 13
0 15
1 21
0 18
0 14
0 1
1 26
0 6
1 2
1 6
1 50
0 17
1 1
0 2
0 0
0 0
0 9
0 12
0 7
0 11
0 8
0 27
0 52
0 3
0 1
0 0
0 2
1 54
0 20
0 11
1 7
0 8
1 5
0 2
0 6
0 24
1 7
0 2
0 37
0 9
0 35
0 1
0 5
0 5
0 4
1 32
0 9
0 11
1 6
0 11
0 8
0 11
1 0
0 3
0 0
0 0
1 4
0 0
0 4
0 18
0 4
0 3
0 0
1 10
0 9
0 2
1 8
0 20
0 7
1 10
0 17
0 7
0 19
0 14
0 22
0 11
0 0
1 21
0 10
0 7
0 7
0 39
1 4
0 7
0 17
1 1
0 10
0 8
0 38
0 4
0 8
1 22
0 14
0 11
0 35
1 3
0 10
0 3
1 27
0 8
0 11
0 57
0 0
0 5
1 10
0 17
1 8
0 9
0 1
0 4
0 0
0 6
0 13
0 6
0 3
1 0
1 5
0 23
0 9
0 5
1 19
0 56
0 12
0 5
0 10
0 19
0 1
0 1
0 19
0 3
1 4
0 17
0 5
0 39
1 16
0 21
0 5
1 15
1 4
0 13
1 14
0 6
0 9
0 8
0 45
0 3
0 38
1 24
0 9
1 0
0 0
1 13
0 13
0 4
1 5
1 18
1 4
0 16
1 13
0 0
0 25
0 23
1 2
0 0
0 7
0 24
0 38
0 25
0 19
0 9
0 0
0 0
0 5
0 0
1 31
0 10
0 4
0 10
0 44
0 1
0 15
1 25
0 6
0 3
0 22
0 3
1 30
0 1
0 0
0 2
1 2
0 14
0 51
0 27
1 19
1 5
0 29
0 0
0 27
0 7
0 37
0 9
1 33
0 0
1 16
0 23
1 25
0 4
1 14
0 21
0 1
0 25
1 4
1 4
0 2
0 24
0 5
0 36
0 30
1 2
0 2
1 8
0 8
0 25
0 30
0 9
1 19
0 50
0 4
0 3
0 31
0 10
0 5
0 8
0 8
0 25
0 12
0 13
0 0
0 1
1 1
0 35
1 59
1 29
0 2
0 16
0 1
0 4
0 15
0 17
0 5
0 17
1 25
0 43
1 21
0 23
1 18
0 18
0 14
0 55
1 16
0 25
1 30
0 4
0 25
0 16
0 11
0 1
0 18
0 4
0 2
0 7
1 25
0 14
0 19
0 4
0 5
0 4
0 4
0 20
0 12
0 4
0 27
0 10
0 9
1 1
0 34
0 11
1 16
0 4
0 23
0 32
0 16
0 5
1 20
0 0
0 11
0 9
0 18
0 0
0 25
0 26
1 16
0 10
0 12
1 24
0 5
0 10
0 37
1 42
0 37
0 0
0 5
0 33
0 11
1 4
0 1
0 2
1 10
0 2
0 8
1 10
1 18
0 22
0 30
1 6
1 19
0 5
0 61
0 2
0 2
0 45
0 10
0 0
0 23
0 2
0 2
0 0
1 18
1 11
0 13
1 8
0 7
1 8
0 0
0 43
0 0
1 7
0 0
0 14
1 13
1 2
1 9
0 15
0 0
0 26
0 3
0 0
0 0
0 57
0 1
1 4
0 30
0 19
1 1
0 25
0 3
1 10
0 2
0 44
0 8
1 30
0 1
1 3
0 7
0 3
0 3
0 15
#page reference histogram
#72 66 62 55 63 44 39 38 40 29 38 24 25 30 30 22 23 18 20 23 16 13 12 14 13 20 9 11 7 7 12 4 6 6 12 10 10 6 5 6 0 1 2 4 7 4 2 0 0 0 2 3 2 0 1 1 2 2 2 3 0 2 0 0 
