RR 5
0000:    0  400   50   50 2 |  2893  2893   360  2133
0001:    0  300   40   40 4 |  2587  2587   267  2020
0002:    1  200   30   50 2 |  1892  1891   330  1361
0003:    1  301   20   10 4 |  2539  2538   147  2090
0004:    9  302   20   20 4 |  2716  2707   305  2100
0005:   10  303   15   30 1 |  2897  2887   626  1958
0006:   10  304    5   40 3 |  4148  4138  2279  1555
0007:   11  305   20   40 3 |  2895  2884   651  1928
0008:   20  306   20   10 3 |  2538  2518   143  2069
0009:   50  307   20   10 1 |  2679  2629   163  2159
SUM: 4148 73.00 81.73 2767.20 1937.30 0.241
