RR 2
0000:    0  400   50   50 2 |  2971  2971   502  2069
0001:    0  300   40   40 4 |  2716  2716   369  2047
0002:    1  200   30   50 2 |  2098  2097   450  1447
0003:    1  301   20   10 4 |  2617  2616   215  2100
0004:    9  302   20   20 4 |  2789  2780   419  2059
0005:   10  303   15   30 1 |  2847  2837   603  1931
0006:   10  304    5   40 3 |  3822  3812  2051  1457
0007:   11  305   20   40 3 |  2839  2828   553  1970
0008:   20  306   20   10 3 |  2679  2659   191  2162
0009:   50  307   20   10 1 |  2638  2588   131  2150
SUM: 3822 79.23 84.54 2790.40 1939.20 0.262
