FCFS
0000:    0  400   50   50 2 |  1693  1693   269  1024
0001:    0  300   40   40 4 |  1874  1874   331  1243
0002:    1  200   30   50 2 |  2202  2201   454  1547
0003:    1  301   20   10 4 |  2543  2542   170  2071
0004:    9  302   20   20 4 |  2803  2794   374  2118
0005:   10  303   15   30 1 |  2895  2885   608  1974
0006:   10  304    5   40 3 |  4165  4155  1850  2001
0007:   11  305   20   40 3 |  2789  2778   518  1955
0008:   20  306   20   10 3 |  2628  2608   159  2143
0009:   50  307   20   10 1 |  2523  2473   124  2042
SUM: 4165 72.70 79.04 2600.30 1811.80 0.240
