LCFS
0000:    0  400   50   50 2 |  2756  2756   435  1921
0001:    0  300   40   40 4 |  1474  1474   329   845
0002:    1  200   30   50 2 |  2792  2791   369  2222
0003:    1  301   20   10 4 |  2220  2219   167  1751
0004:    9  302   20   20 4 |  1316  1307   334   671
0005:   10  303   15   30 1 |  3000  2990   678  2009
0006:   10  304    5   40 3 |  4260  4250  1845  2101
0007:   11  305   20   40 3 |  2236  2225   499  1421
0008:   20  306   20   10 3 |   734   714   131   277
0009:   50  307   20   10 1 |   842   792   156   329
SUM: 4260 71.08 77.54 2151.80 1354.70 0.235
