PRIO 2
0000:    0  400   50   50 2 |  2982  2982   390  2192
0001:    0  300   40   40 4 |  1977  1977   408  1269
0002:    1  200   30   50 2 |  2378  2377   296  1881
0003:    1  301   20   10 4 |  1805  1804   161  1342
0004:    9  302   20   20 4 |  1846  1837   331  1204
0005:   10  303   15   30 1 |  3142  3132   533  2296
0006:   10  304    5   40 3 |  2860  2850  2030   516
0007:   11  305   20   40 3 |  2414  2403   685  1413
0008:   20  306   20   10 3 |  2183  2163   137  1720
0009:   50  307   20   10 1 |  2954  2904   161  2436
SUM: 3142 96.37 86.86 2442.90 1626.90 0.318
