SJF
0000:    0  400   50   50 2 |  3203  3203   520  2283
0001:    0  300   40   40 4 |  1091  1091   436   355
0002:    1  200   30   50 2 |   564   563   267    96
0003:    1  301   20   10 4 |   929   928   154   473
0004:    9  302   20   20 4 |  1564  1555   282   971
0005:   10  303   15   30 1 |  1622  1612   518   791
0006:   10  304    5   40 3 |  4484  4474  1939  2231
0007:   11  305   20   40 3 |  2258  2247   619  1323
0008:   20  306   20   10 3 |  2250  2230   166  1758
0009:   50  307   20   10 1 |  2544  2494   159  2028
SUM: 4484 67.53 80.87 2039.70 1230.90 0.223
