PRIO 5
0000:    0  400   50   50 2 |  2979  2979   358  2221
0001:    0  300   40   40 4 |  1840  1840   323  1217
0002:    1  200   30   50 2 |  2376  2375   207  1968
0003:    1  301   20   10 4 |  1206  1205   121   783
0004:    9  302   20   20 4 |  1339  1330   298   730
0005:   10  303   15   30 1 |  3158  3148   525  2320
0006:   10  304    5   40 3 |  2652  2642  1944   394
0007:   11  305   20   40 3 |  2371  2360   661  1394
0008:   20  306   20   10 3 |  2188  2168   127  1735
0009:   50  307   20   10 1 |  2990  2940   158  2475
SUM: 3158 95.88 85.15 2298.70 1523.70 0.317
