#io generator
#numio=100 maxtracks=512 lambda=9.000000
1 430
15 400
60 466
66 171
107 142
129 244
157 186
177 487
247 325
282 72
308 8
315 70
361 80
375 66
378 511
385 262
436 313
445 326
466 252
568 149
609 269
650 204
713 145
725 413
796 35
880 269
882 98
912 455
924 32
941 121
1041 461
1095 136
1117 192
1157 262
1188 272
1189 224
1265 476
1301 145
1339 327
1351 352
1356 225
1416 424
1427 117
1490 179
1523 489
1548 336
1603 225
1676 203
1723 350
1791 247
1797 486
1868 75
1928 328
1944 317
1953 402
1963 228
1970 96
1979 284
1994 86
2061 52
2064 253
2104 504
2181 350
2194 383
2207 150
2214 299
2221 78
2258 64
2302 84
2340 38
2425 26
2445 90
2452 408
2489 336
2586 327
2626 47
2630 266
2632 35
2638 236
2686 293
2726 26
2730 511
2736 455
2739 510
2740 445
2742 2
2814 304
2819 83
2833 467
2881 183
2903 296
2920 351
2922 271
2962 155
3099 295
3158 382
3186 18
3225 426
3298 447
3348 501
