#io generator
#numio=500 maxtracks=512 lambda=2.500000
1 430
28 400
108 466
120 171
194 142
237 244
289 186
328 487
440 325
505 72
554 8
569 70
651 80
679 66
685 511
698 262
788 313
807 326
847 252
983 149
1058 269
1133 204
1237 145
1260 413
1373 35
1498 269
1503 98
1560 455
1583 32
1584 234
1587 121
1722 461
1814 136
1855 192
1928 262
1986 272
1988 224
2106 476
2172 145
2241 327
2265 352
2275 225
2375 424
2397 117
2501 179
2561 489
2608 336
2702 225
2817 203
2901 350
3011 247
3024 486
3137 75
3238 328
3268 317
3286 402
3306 228
3320 96
3337 284
3366 86
3475 52
3482 253
3555 504
3674 350
3700 383
3725 150
3739 299
3754 78
3822 64
3901 84
3971 38
4096 26
4135 90
4150 408
4218 336
4351 327
4424 47
4432 266
4436 35
4448 236
4533 293
4605 26
4614 511
4626 455
4633 510
4636 445
4640 2
4755 304
4766 83
4793 467
4878 183
4921 296
4953 351
4958 271
5030 155
5177 295
5277 382
5329 18
5399 426
5514 447
5602 501
5672 462
5814 341
5851 83
5938 455
5942 332
5957 322
5971 358
5992 168
6006 37
6059 114
6114 261
6250 143
6292 368
6298 241
6346 483
6378 172
6470 222
6493 306
6581 119
6640 247
6675 156
6739 93
6790 20
6819 356
6877 326
6900 94
6950 321
7017 168
7086 103
7200 350
7256 131
7297 44
7313 449
7373 47
7379 185
7425 303
7482 147
7558 168
7569 503
7656 169
7667 223
7796 470
7870 357
7877 351
7903 396
8025 469
8120 104
8199 280
8218 463
8328 447
8365 295
8374 140
8470 252
8503 434
8540 149
8551 350
8618 71
8667 252
8756 370
8766 113
8803 62
8811 184
8832 477
8941 318
9030 418
9067 171
9094 337
9144 132
9153 37
9159 331
9183 147
9205 46
9235 478
9281 135
9337 390
9373 80
9474 320
9513 106
9556 218
9643 201
9658 166
9725 326
9868 173
9974 69
10002 2
10079 396
10098 58
10194 369
10196 229
10340 362
10353 242
10449 48
10454 196
10473 336
10556 67
10558 27
10591 399
10652 226
10659 301
10705 271
10753 185
10773 455
10808 86
10858 269
10909 305
10923 424
10927 50
11042 86
11077 115
11164 148
11188 449
11211 417
11267 18
11283 398
11335 428
11355 113
11367 313
11373 345
11450 368
11462 205
11482 222
11496 197
11537 79
11580 7
11606 195
11626 377
11642 332
11685 470
11745 414
11807 159
11861 3
11902 432
11953 329
11992 205
12016 368
12097 347
12106 16
12109 351
12120 316
12183 290
12203 133
12259 439
12270 174
12328 450
12384 160
12486 95
12495 257
12582 345
12690 97
12717 361
12814 280
12883 477
12897 474
12940 477
12977 282
13098 409
13182 304
13238 509
13357 166
13456 301
13509 388
13585 406
13601 309
13635 85
13715 442
13813 340
13842 313
13890 330
13931 75
13977 16
14040 265
14128 263
14134 250
14172 24
14256 196
14309 231
14317 211
14332 208
14397 293
14480 298
14512 244
14661 30
14665 328
14713 113
14726 322
14841 377
14874 224
14966 487
15091 460
15165 170
15206 112
15241 486
15275 452
15408 94
15441 399
15515 463
15531 389
15663 169
15691 287
15734 318
15745 244
15769 334
15881 107
15930 443
15936 191
15948 331
15996 346
16044 30
16088 288
16103 9
16126 4
16241 307
16316 454
16434 88
16466 249
16546 327
16679 79
16698 451
16723 460
16793 243
16810 484
16817 443
16868 367
16983 94
17001 85
17013 320
17023 64
17037 484
17046 61
17079 332
17191 51
17241 36
17268 254
17299 150
17314 467
17358 97
17359 221
17443 385
17467 510
17469 268
17481 338
17543 167
17646 331
17669 25
17743 411
17805 349
17913 160
17984 152
18067 96
18114 27
18119 80
18134 69
18181 29
18284 484
18287 473
18321 131
18368 86
18415 243
18499 474
18539 298
18606 115
18622 324
18663 8
18781 177
18793 267
18821 157
18880 330
18911 137
18974 170
18987 388
19003 349
19094 436
19143 164
19201 269
19293 128
19309 37
19348 455
19398 271
19483 490
19552 176
19576 22
19577 2
19613 149
19677 419
19715 239
19719 97
19754 472
19756 43
19771 364
19821 47
19952 444
19962 243
20034 398
20080 377
20150 472
20155 403
20279 51
20296 122
20379 48
20449 141
20459 480
20532 49
20673 432
20696 354
20729 222
20785 165
20834 66
20838 193
20846 337
20852 450
20898 107
20956 270
20976 482
21050 62
21052 263
21079 108
21111 82
21131 222
21186 64
21219 43
21296 402
21356 466
21453 32
21455 269
21465 475
21471 198
21519 326
21582 276
21610 421
21656 471
21669 404
21694 195
21699 413
21725 382
21844 434
21932 365
21985 264
22037 257
22083 343
22084 387
22132 71
22140 100
22216 432
22284 94
22341 160
22347 454
22353 245
22370 102
22388 336
22512 113
22550 398
22670 72
22689 287
22743 447
22757 345
22809 426
22892 395
22893 302
22944 391
23019 145
23023 450
23033 91
23057 226
23083 331
23088 166
23185 311
23191 412
23262 204
23287 201
23304 307
23307 461
23337 451
23396 235
23430 149
23444 125
23490 154
23497 383
23532 248
23543 439
23550 150
23561 1
23668 147
23750 333
23811 89
23813 491
23889 57
23984 106
24133 274
24191 238
24278 456
24342 207
24353 429
24362 344
24383 177
24424 234
24478 367
24511 277
24528 98
24589 227
