#io generator
#numio=100 maxtracks=512 lambda=0.500000
1 430
87 400
280 466
321 171
505 142
630 244
775 186
890 487
1118 325
1287 72
1426 8
1477 70
1671 80
1758 66
1780 511
1825 262
2030 313
2093 326
2211 252
2458 149
2643 269
2827 204
3048 145
3124 413
3353 35
3592 269
3609 98
3763 455
3838 32
3842 234
3854 121
4100 461
4308 136
4430 192
4611 262
4767 272
4774 224
5007 476
5177 145
5352 327
5428 352
5462 225
5679 424
5750 117
5971 179
6132 489
6266 336
6477 225
6708 203
6905 350
7132 247
7177 486
7407 75
7624 328
7719 317
7779 402
7845 228
7892 96
7950 284
8041 86
8266 52
8292 253
8474 504
8708 350
8791 383
8871 150
8920 299
8971 78
9144 64
9335 84
9512 38
9751 26
9868 90
9918 408
10092 336
10337 327
10518 47
10545 266
10561 35
10603 236
10802 293
10982 26
11014 511
11056 455
11081 510
11092 445
11106 2
11337 304
11374 83
11459 467
11658 183
11783 296
11883 351
11903 271
12084 155
12337 295
12553 382
12698 18
12876 426
13107 447
