#io generator
#numio=80 maxtracks=300 lambda=3.500000
1 252
13 234
51 273
56 100
91 83
110 143
134 109
151 285
207 190
237 42
259 4
265 41
303 47
315 38
317 299
323 153
366 183
374 191
392 148
465 87
500 158
535 120
586 84
596 242
653 20
718 157
720 57
746 267
756 19
771 18
777 291
830 255
837 161
848 228
865 200
883 11
897 279
956 216
964 221
988 106
1016 49
1030 264
1071 99
1077 268
1087 206
1154 176
1180 257
1194 277
1206 244
1234 273
1250 64
1315 276
1318 264
1342 129
1365 84
1401 92
1415 67
1420 82
1439 124
1443 272
1445 37
1461 228
1540 280
1568 114
1601 110
1609 69
1630 73
1634 219
1637 238
1641 223
1642 285
1643 156
1647 72
1685 219
1711 290
1735 227
1737 40
1755 23
1756 61
1771 245
