#io generator
#numio=80 maxtracks=1000 lambda=3.500000
1 840
42 783
169 911
187 335
304 277
370 477
450 364
509 952
697 635
798 141
874 16
897 137
1026 156
1068 129
1077 998
1097 512
1241 612
1270 637
1330 493
1576 292
1694 526
1811 400
1982 283
2017 807
2207 69
2424 525
2431 192
2519 890
2554 64
2555 457
2560 238
2803 902
2952 266
3015 375
3129 512
3218 531
3221 437
3421 930
3523 284
3630 639
3666 687
3681 440
3845 829
3878 228
4050 350
4143 956
4215 657
4368 439
4562 398
4695 684
4879 482
4899 950
5090 147
5255 641
5301 619
5328 786
5358 447
5379 187
5405 556
5449 169
5630 103
5641 495
5755 984
5958 684
5997 749
6034 294
6055 584
6078 152
6184 125
6309 164
6418 74
6636 52
6696 176
6718 797
6824 656
7062 639
7176 93
7188 520
7194 69
7212 461
